c Random Leveled Graph
c 100 Rows, 10 columns, capacities in range [0, 3000]
p max 1002 2900
n 1 s
n 1002 t
a 1 101 9000
a 1 100 9000
a 1 99 9000
a 1 98 9000
a 1 97 9000
a 1 96 9000
a 1 95 9000
a 1 94 9000
a 1 93 9000
a 1 92 9000
a 1 91 9000
a 1 90 9000
a 1 89 9000
a 1 88 9000
a 1 87 9000
a 1 86 9000
a 1 85 9000
a 1 84 9000
a 1 83 9000
a 1 82 9000
a 1 81 9000
a 1 80 9000
a 1 79 9000
a 1 78 9000
a 1 77 9000
a 1 76 9000
a 1 75 9000
a 1 74 9000
a 1 73 9000
a 1 72 9000
a 1 71 9000
a 1 70 9000
a 1 69 9000
a 1 68 9000
a 1 67 9000
a 1 66 9000
a 1 65 9000
a 1 64 9000
a 1 63 9000
a 1 62 9000
a 1 61 9000
a 1 60 9000
a 1 59 9000
a 1 58 9000
a 1 57 9000
a 1 56 9000
a 1 55 9000
a 1 54 9000
a 1 53 9000
a 1 52 9000
a 1 51 9000
a 1 50 9000
a 1 49 9000
a 1 48 9000
a 1 47 9000
a 1 46 9000
a 1 45 9000
a 1 44 9000
a 1 43 9000
a 1 42 9000
a 1 41 9000
a 1 40 9000
a 1 39 9000
a 1 38 9000
a 1 37 9000
a 1 36 9000
a 1 35 9000
a 1 34 9000
a 1 33 9000
a 1 32 9000
a 1 31 9000
a 1 30 9000
a 1 29 9000
a 1 28 9000
a 1 27 9000
a 1 26 9000
a 1 25 9000
a 1 24 9000
a 1 23 9000
a 1 22 9000
a 1 21 9000
a 1 20 9000
a 1 19 9000
a 1 18 9000
a 1 17 9000
a 1 16 9000
a 1 15 9000
a 1 14 9000
a 1 13 9000
a 1 12 9000
a 1 11 9000
a 1 10 9000
a 1 9 9000
a 1 8 9000
a 1 7 9000
a 1 6 9000
a 1 5 9000
a 1 4 9000
a 1 3 9000
a 1 2 9000
a 2 135 371
a 2 103 823
a 2 160 1855
a 3 129 2050
a 3 192 562
a 3 162 2377
a 4 129 325
a 4 188 681
a 4 194 751
a 5 138 1504
a 5 125 1121
a 5 190 2088
a 6 116 1646
a 6 107 658
a 6 120 2717
a 7 148 2022
a 7 169 574
a 7 150 382
a 8 113 1025
a 8 135 2410
a 8 106 2984
a 9 113 2844
a 9 155 1504
a 9 134 1713
a 10 168 639
a 10 193 31
a 10 138 2625
a 11 145 1253
a 11 103 1418
a 11 181 395
a 12 173 545
a 12 167 3000
a 12 141 2886
a 13 131 339
a 13 157 1439
a 13 108 2370
a 14 145 2948
a 14 172 2535
a 14 196 2558
a 15 192 922
a 15 172 1548
a 15 102 1919
a 16 124 1040
a 16 128 421
a 16 158 152
a 17 159 657
a 17 161 2346
a 17 106 1728
a 18 165 902
a 18 105 1326
a 18 174 202
a 19 125 1259
a 19 173 1629
a 19 194 2688
a 20 179 2151
a 20 182 1728
a 20 136 299
a 21 107 1762
a 21 126 516
a 21 156 2527
a 22 143 114
a 22 174 2181
a 22 188 1684
a 23 168 1911
a 23 197 2897
a 23 188 1612
a 24 200 1585
a 24 174 583
a 24 136 2663
a 25 115 2316
a 25 164 2843
a 25 144 1693
a 26 141 1956
a 26 198 1123
a 26 148 1905
a 27 181 13
a 27 162 2144
a 27 119 1859
a 28 109 2257
a 28 132 1394
a 28 125 343
a 29 104 140
a 29 182 2163
a 29 154 2443
a 30 154 2269
a 30 126 119
a 30 139 2882
a 31 161 367
a 31 168 542
a 31 130 685
a 32 114 236
a 32 200 1563
a 32 103 146
a 33 131 183
a 33 123 178
a 33 129 1673
a 34 138 1876
a 34 111 1272
a 34 154 1248
a 35 182 1801
a 35 150 1667
a 35 138 2318
a 36 161 579
a 36 135 1275
a 36 147 1782
a 37 178 339
a 37 177 2773
a 37 137 1748
a 38 161 1790
a 38 201 1373
a 38 136 265
a 39 188 1763
a 39 178 2523
a 39 200 1424
a 40 196 95
a 40 172 89
a 40 161 178
a 41 107 1236
a 41 123 2448
a 41 176 57
a 42 165 1054
a 42 177 1848
a 42 193 2991
a 43 167 1455
a 43 201 624
a 43 126 2941
a 44 106 2579
a 44 201 2224
a 44 140 626
a 45 150 1090
a 45 184 260
a 45 141 1034
a 46 164 1711
a 46 188 1943
a 46 181 2137
a 47 139 2985
a 47 187 176
a 47 126 1088
a 48 137 2859
a 48 201 2441
a 48 143 1807
a 49 160 2882
a 49 132 1156
a 49 114 669
a 50 117 928
a 50 148 2632
a 50 149 896
a 51 115 1756
a 51 164 952
a 51 138 1600
a 52 142 2468
a 52 177 115
a 52 163 1799
a 53 168 1759
a 53 157 1414
a 53 136 1371
a 54 191 797
a 54 127 2695
a 54 130 2239
a 55 145 2027
a 55 143 1189
a 55 173 2788
a 56 191 1441
a 56 179 2477
a 56 116 528
a 57 169 582
a 57 139 1936
a 57 136 1927
a 58 191 1603
a 58 171 2792
a 58 195 712
a 59 182 675
a 59 122 611
a 59 172 1760
a 60 169 2508
a 60 184 2870
a 60 109 2303
a 61 186 213
a 61 137 1815
a 61 131 2171
a 62 151 2637
a 62 102 727
a 62 164 1430
a 63 160 850
a 63 173 183
a 63 164 2552
a 64 123 2833
a 64 106 2116
a 64 156 2487
a 65 168 488
a 65 125 1326
a 65 162 1480
a 66 124 237
a 66 108 2177
a 66 140 2076
a 67 190 115
a 67 140 1568
a 67 189 2990
a 68 139 472
a 68 132 834
a 68 179 1036
a 69 178 2592
a 69 141 1826
a 69 139 1459
a 70 168 645
a 70 139 1169
a 70 144 1909
a 71 152 2828
a 71 109 1935
a 71 197 1170
a 72 167 1886
a 72 175 1915
a 72 159 1146
a 73 169 1001
a 73 194 280
a 73 113 1549
a 74 142 2518
a 74 118 1328
a 74 174 2849
a 75 157 24
a 75 171 2231
a 75 193 1759
a 76 184 1817
a 76 179 148
a 76 104 53
a 77 144 2657
a 77 158 403
a 77 133 198
a 78 102 2181
a 78 167 1267
a 78 136 2602
a 79 198 24
a 79 140 487
a 79 155 1646
a 80 147 2928
a 80 131 2740
a 80 165 371
a 81 178 2445
a 81 106 2404
a 81 195 2547
a 82 140 548
a 82 162 2415
a 82 131 679
a 83 149 1628
a 83 181 46
a 83 114 66
a 84 178 1052
a 84 137 1522
a 84 173 17
a 85 198 1324
a 85 105 2243
a 85 133 1902
a 86 182 336
a 86 138 1635
a 86 149 276
a 87 197 1762
a 87 165 2443
a 87 173 611
a 88 195 1291
a 88 108 325
a 88 159 605
a 89 128 1200
a 89 197 2064
a 89 186 613
a 90 104 2946
a 90 197 2849
a 90 165 413
a 91 135 668
a 91 149 123
a 91 189 2668
a 92 184 2577
a 92 196 805
a 92 157 2351
a 93 185 160
a 93 115 270
a 93 166 2358
a 94 156 918
a 94 107 818
a 94 201 326
a 95 166 2066
a 95 135 246
a 95 127 2228
a 96 114 2036
a 96 186 2705
a 96 126 1558
a 97 183 738
a 97 161 2762
a 97 178 2360
a 98 152 672
a 98 127 935
a 98 137 1771
a 99 179 2047
a 99 136 2612
a 99 183 1136
a 100 181 2125
a 100 138 717
a 100 107 1622
a 101 163 1866
a 101 194 2503
a 101 188 2952
a 102 226 1686
a 102 280 1790
a 102 240 1920
a 103 213 1198
a 103 279 200
a 103 258 59
a 104 285 96
a 104 283 969
a 104 231 1959
a 105 285 2652
a 105 275 2348
a 105 207 2885
a 106 298 99
a 106 287 337
a 106 263 1523
a 107 230 1671
a 107 276 1946
a 107 289 2312
a 108 249 299
a 108 255 2012
a 108 250 1612
a 109 281 749
a 109 295 2052
a 109 211 645
a 110 275 821
a 110 258 2942
a 110 293 2676
a 111 208 1895
a 111 204 1177
a 111 280 275
a 112 223 867
a 112 265 1227
a 112 226 606
a 113 222 2184
a 113 276 1187
a 113 229 2375
a 114 278 1329
a 114 249 1992
a 114 226 2805
a 115 286 1678
a 115 285 111
a 115 206 2730
a 116 233 2508
a 116 242 768
a 116 252 2109
a 117 272 2649
a 117 293 2449
a 117 204 2924
a 118 216 498
a 118 277 1114
a 118 244 1802
a 119 276 1455
a 119 262 1804
a 119 228 1983
a 120 269 518
a 120 240 1869
a 120 288 2349
a 121 279 1333
a 121 301 2708
a 121 243 609
a 122 209 2750
a 122 231 1131
a 122 253 1901
a 123 265 1562
a 123 207 1819
a 123 229 482
a 124 289 142
a 124 232 434
a 124 209 1642
a 125 233 2200
a 125 274 2373
a 125 281 1847
a 126 253 2459
a 126 215 174
a 126 266 2694
a 127 235 2383
a 127 241 2070
a 127 227 1878
a 128 300 2360
a 128 276 1945
a 128 206 1038
a 129 248 1540
a 129 276 1009
a 129 246 1986
a 130 272 1423
a 130 234 757
a 130 266 2712
a 131 275 632
a 131 224 496
a 131 229 2121
a 132 224 993
a 132 222 2350
a 132 300 132
a 133 220 64
a 133 208 944
a 133 267 664
a 134 291 1998
a 134 242 626
a 134 276 1421
a 135 283 1139
a 135 244 1906
a 135 213 2183
a 136 262 2308
a 136 286 1157
a 136 206 2130
a 137 282 2130
a 137 256 1786
a 137 262 2035
a 138 237 332
a 138 253 2315
a 138 228 1498
a 139 273 2597
a 139 291 1462
a 139 214 2902
a 140 292 1048
a 140 275 1308
a 140 253 2633
a 141 233 889
a 141 265 1393
a 141 224 2935
a 142 224 1504
a 142 206 1329
a 142 244 891
a 143 241 871
a 143 233 2646
a 143 219 2767
a 144 295 2790
a 144 288 1501
a 144 280 1932
a 145 234 2980
a 145 227 2285
a 145 284 1168
a 146 213 952
a 146 249 292
a 146 243 2577
a 147 295 2174
a 147 249 38
a 147 272 1545
a 148 206 2503
a 148 208 1073
a 148 249 939
a 149 242 1041
a 149 204 2387
a 149 262 2354
a 150 267 950
a 150 270 2088
a 150 297 1428
a 151 250 492
a 151 231 1658
a 151 260 1822
a 152 240 29
a 152 229 2372
a 152 274 267
a 153 236 2760
a 153 272 710
a 153 293 2297
a 154 215 2600
a 154 223 2576
a 154 252 1691
a 155 222 2960
a 155 272 850
a 155 285 1749
a 156 290 698
a 156 209 1430
a 156 252 251
a 157 278 1600
a 157 255 2172
a 157 244 381
a 158 272 2432
a 158 265 1612
a 158 210 2096
a 159 254 2580
a 159 263 2804
a 159 256 2420
a 160 203 2851
a 160 288 1988
a 160 221 2540
a 161 212 1592
a 161 239 2288
a 161 300 1540
a 162 246 2317
a 162 231 763
a 162 290 1466
a 163 233 243
a 163 224 970
a 163 266 1435
a 164 257 1159
a 164 277 2596
a 164 219 871
a 165 247 33
a 165 216 1506
a 165 251 2452
a 166 223 1709
a 166 257 247
a 166 255 2464
a 167 292 205
a 167 237 1301
a 167 208 1904
a 168 280 49
a 168 266 152
a 168 221 203
a 169 225 2819
a 169 270 2591
a 169 246 1800
a 170 286 290
a 170 242 2844
a 170 259 1355
a 171 299 2244
a 171 250 2665
a 171 240 1160
a 172 280 379
a 172 272 2974
a 172 270 2311
a 173 245 2247
a 173 246 1747
a 173 216 1593
a 174 216 206
a 174 244 1342
a 174 294 2217
a 175 299 793
a 175 253 6
a 175 236 820
a 176 242 657
a 176 298 256
a 176 262 458
a 177 229 2053
a 177 277 2786
a 177 203 2132
a 178 299 2696
a 178 253 1597
a 178 212 1606
a 179 240 932
a 179 290 2805
a 179 253 1466
a 180 284 2941
a 180 293 363
a 180 224 2620
a 181 238 2292
a 181 276 2633
a 181 265 1405
a 182 269 2905
a 182 287 1817
a 182 262 1140
a 183 210 1505
a 183 280 284
a 183 294 1142
a 184 246 2602
a 184 236 2953
a 184 290 427
a 185 294 2507
a 185 228 1947
a 185 260 1293
a 186 282 1665
a 186 263 1466
a 186 234 269
a 187 251 519
a 187 280 2370
a 187 214 32
a 188 298 2481
a 188 263 1055
a 188 289 196
a 189 268 1271
a 189 245 22
a 189 301 1145
a 190 291 2748
a 190 233 2896
a 190 299 25
a 191 279 2142
a 191 229 445
a 191 258 1775
a 192 274 2460
a 192 295 2664
a 192 206 2374
a 193 257 1707
a 193 262 1693
a 193 289 694
a 194 204 1300
a 194 212 1282
a 194 238 311
a 195 242 1288
a 195 232 2478
a 195 243 2066
a 196 269 512
a 196 235 1560
a 196 276 2552
a 197 258 2321
a 197 265 1290
a 197 246 1217
a 198 234 225
a 198 278 1270
a 198 229 1035
a 199 236 1868
a 199 260 2221
a 199 295 296
a 200 251 927
a 200 263 680
a 200 249 840
a 201 214 2272
a 201 255 1257
a 201 281 2547
a 202 389 2477
a 202 354 1869
a 202 359 66
a 203 306 2026
a 203 349 1283
a 203 387 1270
a 204 337 156
a 204 377 2023
a 204 395 2081
a 205 371 2449
a 205 323 2162
a 205 401 2750
a 206 355 2762
a 206 342 1539
a 206 377 1388
a 207 315 2634
a 207 349 2013
a 207 313 2551
a 208 334 1515
a 208 352 20
a 208 380 2783
a 209 343 2617
a 209 367 1298
a 209 361 96
a 210 391 451
a 210 398 2346
a 210 304 2372
a 211 344 981
a 211 375 2113
a 211 373 677
a 212 381 2293
a 212 325 26
a 212 391 1555
a 213 396 1766
a 213 305 2538
a 213 341 1773
a 214 332 1928
a 214 399 2145
a 214 340 881
a 215 378 1574
a 215 348 2471
a 215 350 2138
a 216 348 1060
a 216 343 2671
a 216 342 2383
a 217 336 1561
a 217 361 2015
a 217 317 1347
a 218 365 854
a 218 307 2678
a 218 392 2385
a 219 334 1413
a 219 318 2047
a 219 352 1549
a 220 390 1862
a 220 394 1615
a 220 398 1886
a 221 362 2220
a 221 358 279
a 221 327 1561
a 222 307 18
a 222 339 104
a 222 329 974
a 223 383 2187
a 223 311 1039
a 223 366 1349
a 224 390 1135
a 224 356 255
a 224 352 1984
a 225 380 1894
a 225 352 1537
a 225 397 1036
a 226 303 2780
a 226 315 2274
a 226 350 1409
a 227 370 1325
a 227 302 2875
a 227 381 2086
a 228 387 724
a 228 340 539
a 228 304 436
a 229 332 2685
a 229 343 2725
a 229 375 2062
a 230 337 1224
a 230 373 1859
a 230 397 827
a 231 338 1563
a 231 308 868
a 231 321 2573
a 232 364 689
a 232 348 1284
a 232 353 572
a 233 380 418
a 233 340 1526
a 233 397 1581
a 234 312 1587
a 234 401 561
a 234 358 2087
a 235 359 1268
a 235 358 1583
a 235 372 1458
a 236 327 1593
a 236 355 1226
a 236 334 2322
a 237 341 2075
a 237 330 1500
a 237 385 1698
a 238 314 1339
a 238 349 2680
a 238 388 2617
a 239 339 750
a 239 337 1422
a 239 335 1896
a 240 307 440
a 240 346 2354
a 240 383 2891
a 241 346 1022
a 241 388 2060
a 241 359 1884
a 242 351 802
a 242 396 1992
a 242 377 1267
a 243 350 1228
a 243 331 1347
a 243 343 154
a 244 317 2337
a 244 333 628
a 244 345 1681
a 245 334 2939
a 245 310 1000
a 245 384 1640
a 246 378 1736
a 246 310 1392
a 246 381 1876
a 247 331 1373
a 247 321 838
a 247 399 1847
a 248 304 1449
a 248 380 1685
a 248 349 1548
a 249 381 807
a 249 329 2561
a 249 377 691
a 250 369 267
a 250 344 982
a 250 380 964
a 251 376 1519
a 251 314 2289
a 251 303 930
a 252 391 1927
a 252 339 1736
a 252 366 2046
a 253 359 2142
a 253 385 283
a 253 319 520
a 254 322 2581
a 254 311 1452
a 254 369 2500
a 255 376 609
a 255 384 146
a 255 307 2925
a 256 322 661
a 256 400 2328
a 256 392 318
a 257 399 1934
a 257 345 1389
a 257 389 629
a 258 370 1303
a 258 307 2678
a 258 356 12
a 259 314 164
a 259 346 1496
a 259 306 2526
a 260 347 2843
a 260 355 2078
a 260 359 1733
a 261 394 1272
a 261 322 2938
a 261 342 713
a 262 316 2355
a 262 378 105
a 262 375 1923
a 263 362 838
a 263 312 375
a 263 309 1876
a 264 344 2406
a 264 335 1330
a 264 380 2756
a 265 305 2298
a 265 384 2912
a 265 315 1298
a 266 344 2514
a 266 333 2821
a 266 391 1702
a 267 382 2835
a 267 398 2753
a 267 328 2350
a 268 348 2536
a 268 317 490
a 268 358 2785
a 269 371 1051
a 269 321 828
a 269 364 2557
a 270 386 1796
a 270 394 1690
a 270 363 1417
a 271 329 1500
a 271 380 1380
a 271 368 2309
a 272 398 901
a 272 360 1508
a 272 323 2654
a 273 317 1857
a 273 365 2200
a 273 390 835
a 274 330 756
a 274 315 2070
a 274 372 92
a 275 349 2837
a 275 385 2800
a 275 395 378
a 276 368 1598
a 276 367 526
a 276 326 1204
a 277 357 2263
a 277 401 2353
a 277 305 852
a 278 380 878
a 278 342 28
a 278 353 120
a 279 345 2813
a 279 351 841
a 279 329 2256
a 280 397 1348
a 280 387 63
a 280 312 1510
a 281 314 91
a 281 340 1143
a 281 347 1564
a 282 391 2142
a 282 347 2049
a 282 363 1269
a 283 336 1362
a 283 401 1271
a 283 333 2562
a 284 364 655
a 284 400 2854
a 284 392 1534
a 285 341 754
a 285 318 1726
a 285 400 2894
a 286 393 2186
a 286 325 1987
a 286 342 806
a 287 384 2431
a 287 401 769
a 287 397 685
a 288 384 1853
a 288 353 1565
a 288 379 1512
a 289 352 2657
a 289 356 1241
a 289 326 2687
a 290 374 1598
a 290 392 184
a 290 342 1032
a 291 322 1360
a 291 378 2582
a 291 386 2477
a 292 360 1627
a 292 330 1865
a 292 315 2397
a 293 379 2194
a 293 343 554
a 293 328 2409
a 294 350 141
a 294 331 1169
a 294 363 1064
a 295 332 966
a 295 310 2541
a 295 321 944
a 296 315 273
a 296 378 2675
a 296 343 1505
a 297 385 462
a 297 304 2367
a 297 320 2915
a 298 393 285
a 298 362 2314
a 298 394 1502
a 299 386 2325
a 299 396 1963
a 299 316 1530
a 300 308 1073
a 300 325 716
a 300 303 545
a 301 367 841
a 301 393 1249
a 301 339 2352
a 302 496 1414
a 302 468 2033
a 302 477 1811
a 303 475 2839
a 303 426 2978
a 303 474 364
a 304 434 2948
a 304 445 1974
a 304 449 2833
a 305 472 1486
a 305 476 2119
a 305 410 2616
a 306 430 2477
a 306 458 2260
a 306 441 2557
a 307 496 627
a 307 488 1398
a 307 498 2444
a 308 405 2081
a 308 423 1385
a 308 458 1382
a 309 478 1850
a 309 433 2216
a 309 421 2204
a 310 477 246
a 310 426 1340
a 310 452 2921
a 311 455 2765
a 311 432 2287
a 311 459 339
a 312 453 1101
a 312 437 2479
a 312 416 1762
a 313 423 506
a 313 488 2068
a 313 489 1491
a 314 490 2105
a 314 440 2842
a 314 425 1152
a 315 430 2520
a 315 494 2265
a 315 454 1128
a 316 403 1888
a 316 476 1713
a 316 426 1879
a 317 424 1753
a 317 480 640
a 317 444 1346
a 318 492 2210
a 318 481 2222
a 318 447 1567
a 319 449 2690
a 319 498 1648
a 319 425 2665
a 320 435 1298
a 320 501 479
a 320 470 2949
a 321 473 1736
a 321 405 1082
a 321 421 2421
a 322 416 1606
a 322 477 1422
a 322 461 583
a 323 486 1207
a 323 468 2786
a 323 488 2830
a 324 404 703
a 324 462 2225
a 324 440 1887
a 325 403 181
a 325 446 1645
a 325 477 609
a 326 437 817
a 326 465 884
a 326 459 2282
a 327 484 941
a 327 445 2665
a 327 418 478
a 328 426 1483
a 328 485 1021
a 328 417 345
a 329 439 1592
a 329 434 158
a 329 437 1622
a 330 494 1825
a 330 455 499
a 330 450 1509
a 331 413 80
a 331 415 550
a 331 467 47
a 332 425 988
a 332 446 1274
a 332 417 398
a 333 424 243
a 333 490 2486
a 333 491 1967
a 334 477 1685
a 334 422 1194
a 334 402 1338
a 335 491 1388
a 335 443 250
a 335 482 1926
a 336 455 1603
a 336 468 1766
a 336 403 14
a 337 448 320
a 337 482 930
a 337 494 1416
a 338 461 1945
a 338 421 1586
a 338 457 2330
a 339 418 2710
a 339 487 1076
a 339 426 1452
a 340 404 2404
a 340 457 281
a 340 437 1377
a 341 472 2536
a 341 436 1748
a 341 418 1170
a 342 469 997
a 342 441 608
a 342 473 1818
a 343 469 2905
a 343 416 396
a 343 490 1948
a 344 492 718
a 344 421 1771
a 344 494 2761
a 345 426 58
a 345 459 635
a 345 424 1625
a 346 493 539
a 346 452 1920
a 346 430 1799
a 347 431 689
a 347 492 860
a 347 487 2105
a 348 456 2151
a 348 449 2295
a 348 402 1421
a 349 471 1241
a 349 440 652
a 349 426 967
a 350 499 1484
a 350 475 2098
a 350 485 1109
a 351 435 1505
a 351 427 2276
a 351 419 309
a 352 496 1406
a 352 414 417
a 352 500 1280
a 353 454 1400
a 353 471 2290
a 353 470 723
a 354 439 2589
a 354 467 1933
a 354 426 2695
a 355 463 2512
a 355 417 2076
a 355 488 2136
a 356 490 2617
a 356 494 1253
a 356 421 205
a 357 430 1698
a 357 452 731
a 357 411 2256
a 358 468 2208
a 358 452 1125
a 358 463 2414
a 359 474 2105
a 359 451 1044
a 359 466 455
a 360 474 2500
a 360 483 1817
a 360 444 457
a 361 446 1697
a 361 489 2993
a 361 421 308
a 362 501 2582
a 362 403 957
a 362 477 1557
a 363 433 1108
a 363 471 1736
a 363 455 172
a 364 458 852
a 364 501 354
a 364 432 255
a 365 434 2702
a 365 450 1557
a 365 461 2784
a 366 490 2481
a 366 477 2535
a 366 436 79
a 367 435 2843
a 367 412 1367
a 367 429 979
a 368 413 547
a 368 473 2143
a 368 461 543
a 369 448 1152
a 369 426 2479
a 369 451 1107
a 370 501 456
a 370 491 2325
a 370 411 2843
a 371 432 2218
a 371 461 2038
a 371 497 2384
a 372 403 944
a 372 429 746
a 372 418 2495
a 373 409 654
a 373 418 2211
a 373 455 948
a 374 453 2604
a 374 436 1265
a 374 499 1056
a 375 404 1959
a 375 456 2779
a 375 466 559
a 376 442 858
a 376 439 1128
a 376 455 190
a 377 438 982
a 377 445 2491
a 377 459 859
a 378 451 260
a 378 445 844
a 378 456 2262
a 379 447 311
a 379 442 1848
a 379 416 1367
a 380 418 1247
a 380 465 475
a 380 423 2824
a 381 486 1464
a 381 429 1469
a 381 435 775
a 382 460 949
a 382 427 2437
a 382 485 2221
a 383 446 1688
a 383 492 852
a 383 455 1604
a 384 429 1327
a 384 419 2836
a 384 416 1261
a 385 491 1364
a 385 458 1333
a 385 424 391
a 386 445 1464
a 386 467 1592
a 386 438 1973
a 387 443 2478
a 387 429 148
a 387 437 1895
a 388 421 2271
a 388 454 2656
a 388 496 1039
a 389 441 576
a 389 472 483
a 389 427 2205
a 390 485 416
a 390 458 147
a 390 432 1773
a 391 435 177
a 391 484 756
a 391 437 131
a 392 405 1603
a 392 444 789
a 392 496 1988
a 393 457 2663
a 393 485 2022
a 393 466 2884
a 394 434 2015
a 394 449 1304
a 394 407 245
a 395 424 2269
a 395 436 607
a 395 473 608
a 396 453 2159
a 396 495 1577
a 396 424 2608
a 397 454 1842
a 397 424 2510
a 397 486 1240
a 398 426 2198
a 398 427 1209
a 398 444 2850
a 399 498 2601
a 399 467 1662
a 399 413 1045
a 400 488 2393
a 400 435 441
a 400 412 2534
a 401 439 2766
a 401 416 1775
a 401 403 205
a 402 589 149
a 402 560 2798
a 402 516 768
a 403 575 2682
a 403 593 2841
a 403 562 137
a 404 600 2761
a 404 554 749
a 404 535 983
a 405 547 386
a 405 560 1044
a 405 584 2369
a 406 553 1326
a 406 599 402
a 406 514 302
a 407 537 386
a 407 570 1588
a 407 569 707
a 408 530 570
a 408 549 1684
a 408 557 2329
a 409 523 670
a 409 570 2351
a 409 564 461
a 410 581 224
a 410 586 5
a 410 522 166
a 411 522 1174
a 411 518 2771
a 411 504 807
a 412 595 581
a 412 539 896
a 412 585 2720
a 413 529 1163
a 413 552 1080
a 413 558 1185
a 414 533 2234
a 414 543 902
a 414 555 2027
a 415 572 2875
a 415 576 1992
a 415 549 2580
a 416 545 2114
a 416 596 1053
a 416 556 927
a 417 504 198
a 417 537 607
a 417 553 1446
a 418 502 380
a 418 564 2600
a 418 527 1506
a 419 574 2074
a 419 506 1084
a 419 569 2551
a 420 601 2892
a 420 584 1062
a 420 586 1655
a 421 539 1190
a 421 517 2494
a 421 582 1224
a 422 526 2684
a 422 547 391
a 422 590 2991
a 423 599 697
a 423 517 1273
a 423 542 2841
a 424 503 837
a 424 542 491
a 424 573 1744
a 425 520 381
a 425 528 1633
a 425 570 2069
a 426 549 1442
a 426 515 2089
a 426 513 2449
a 427 588 1129
a 427 579 120
a 427 539 2714
a 428 545 2169
a 428 561 852
a 428 550 847
a 429 510 951
a 429 524 166
a 429 544 1296
a 430 531 2562
a 430 536 403
a 430 533 1451
a 431 528 2516
a 431 567 2514
a 431 584 1130
a 432 594 2412
a 432 504 568
a 432 524 309
a 433 525 1275
a 433 518 1163
a 433 538 2333
a 434 599 2863
a 434 558 1705
a 434 502 1961
a 435 550 2303
a 435 589 2990
a 435 564 1192
a 436 569 1881
a 436 573 654
a 436 507 1532
a 437 536 303
a 437 577 1237
a 437 600 1043
a 438 520 2133
a 438 526 2709
a 438 556 1230
a 439 542 1245
a 439 562 521
a 439 557 2553
a 440 586 2774
a 440 537 2327
a 440 569 1316
a 441 547 2951
a 441 533 2316
a 441 520 2986
a 442 527 2114
a 442 515 1757
a 442 520 1953
a 443 540 1847
a 443 564 792
a 443 556 225
a 444 509 1280
a 444 548 552
a 444 510 2602
a 445 516 2094
a 445 520 1986
a 445 599 982
a 446 526 1840
a 446 505 2942
a 446 557 53
a 447 507 1662
a 447 513 1464
a 447 504 528
a 448 525 2015
a 448 572 1647
a 448 543 2132
a 449 514 564
a 449 509 1309
a 449 579 1737
a 450 535 220
a 450 507 488
a 450 570 135
a 451 576 468
a 451 544 1295
a 451 529 2105
a 452 580 1795
a 452 598 2176
a 452 597 1201
a 453 566 1863
a 453 570 1300
a 453 563 1085
a 454 571 1878
a 454 531 1366
a 454 552 816
a 455 585 1871
a 455 587 2221
a 455 532 317
a 456 566 2111
a 456 601 904
a 456 589 1062
a 457 560 2934
a 457 601 752
a 457 583 1860
a 458 556 754
a 458 515 2050
a 458 555 870
a 459 536 2101
a 459 502 668
a 459 534 302
a 460 539 758
a 460 599 2714
a 460 581 915
a 461 559 813
a 461 502 2015
a 461 538 601
a 462 565 1116
a 462 549 107
a 462 564 821
a 463 530 778
a 463 514 1982
a 463 507 560
a 464 601 1852
a 464 531 1649
a 464 567 2368
a 465 514 301
a 465 591 1499
a 465 600 1112
a 466 502 963
a 466 509 2221
a 466 566 1431
a 467 536 240
a 467 585 699
a 467 579 136
a 468 601 2817
a 468 580 909
a 468 549 582
a 469 517 1068
a 469 591 539
a 469 548 2366
a 470 510 307
a 470 538 400
a 470 517 1428
a 471 516 1287
a 471 517 1246
a 471 529 2980
a 472 523 2273
a 472 576 1763
a 472 595 428
a 473 552 311
a 473 563 943
a 473 521 2171
a 474 502 2739
a 474 543 659
a 474 588 1202
a 475 530 2088
a 475 576 2426
a 475 522 1054
a 476 555 2792
a 476 543 839
a 476 583 113
a 477 514 285
a 477 567 1228
a 477 560 2538
a 478 589 350
a 478 590 2884
a 478 558 79
a 479 551 2288
a 479 526 1483
a 479 566 619
a 480 515 1092
a 480 558 1811
a 480 592 2020
a 481 534 1523
a 481 545 2408
a 481 560 2612
a 482 589 2215
a 482 519 1056
a 482 504 767
a 483 544 1792
a 483 565 687
a 483 505 2043
a 484 543 981
a 484 564 697
a 484 560 2429
a 485 548 738
a 485 555 616
a 485 521 2391
a 486 571 2592
a 486 512 2670
a 486 550 812
a 487 533 146
a 487 589 2243
a 487 567 1332
a 488 502 2339
a 488 559 600
a 488 536 1177
a 489 502 2250
a 489 512 1839
a 489 570 1662
a 490 504 1670
a 490 559 1248
a 490 543 2288
a 491 533 1601
a 491 549 611
a 491 526 1446
a 492 541 2382
a 492 577 2508
a 492 591 2321
a 493 541 1891
a 493 595 1123
a 493 519 1119
a 494 502 492
a 494 544 104
a 494 510 2362
a 495 550 949
a 495 546 2385
a 495 512 2665
a 496 549 1359
a 496 562 1559
a 496 535 617
a 497 535 2393
a 497 549 2620
a 497 570 2709
a 498 540 461
a 498 538 907
a 498 591 381
a 499 504 2358
a 499 517 1077
a 499 525 1276
a 500 555 1838
a 500 588 2703
a 500 568 1468
a 501 552 509
a 501 537 2004
a 501 517 515
a 502 609 427
a 502 673 1280
a 502 674 1759
a 503 616 1122
a 503 623 1454
a 503 604 841
a 504 690 1617
a 504 678 2705
a 504 654 555
a 505 656 1357
a 505 672 290
a 505 665 2718
a 506 645 1747
a 506 658 572
a 506 656 857
a 507 619 1950
a 507 645 1554
a 507 666 2172
a 508 672 1476
a 508 658 897
a 508 651 165
a 509 654 2609
a 509 651 456
a 509 639 2178
a 510 632 1721
a 510 621 789
a 510 695 2800
a 511 678 2348
a 511 644 552
a 511 657 1251
a 512 645 697
a 512 617 1440
a 512 698 666
a 513 606 2002
a 513 642 2257
a 513 668 2637
a 514 604 2710
a 514 647 423
a 514 614 1017
a 515 682 1569
a 515 669 1367
a 515 626 2407
a 516 665 1815
a 516 675 1124
a 516 628 2904
a 517 683 2873
a 517 673 2490
a 517 604 1746
a 518 615 1222
a 518 657 2445
a 518 696 899
a 519 669 242
a 519 658 1925
a 519 653 2154
a 520 611 528
a 520 602 2307
a 520 617 2996
a 521 603 1877
a 521 635 689
a 521 666 180
a 522 602 190
a 522 692 2389
a 522 695 427
a 523 646 2089
a 523 684 81
a 523 701 2265
a 524 698 1921
a 524 634 2838
a 524 687 2953
a 525 674 1480
a 525 606 2401
a 525 696 2356
a 526 666 2953
a 526 618 1496
a 526 684 636
a 527 696 2983
a 527 642 1267
a 527 666 565
a 528 666 2598
a 528 667 1182
a 528 655 750
a 529 683 471
a 529 669 1972
a 529 640 2835
a 530 677 2628
a 530 619 1873
a 530 609 1632
a 531 697 143
a 531 609 95
a 531 612 2727
a 532 684 2601
a 532 660 875
a 532 632 978
a 533 620 2700
a 533 681 2730
a 533 661 477
a 534 668 339
a 534 669 2754
a 534 675 707
a 535 657 2081
a 535 614 845
a 535 678 1404
a 536 641 1634
a 536 608 1386
a 536 632 2326
a 537 646 2819
a 537 617 2393
a 537 669 802
a 538 700 1528
a 538 606 1533
a 538 656 2273
a 539 648 1552
a 539 659 2664
a 539 625 691
a 540 666 1961
a 540 641 2596
a 540 682 1588
a 541 620 2004
a 541 627 304
a 541 621 2559
a 542 673 516
a 542 624 1277
a 542 694 489
a 543 673 104
a 543 632 1655
a 543 608 2457
a 544 662 1724
a 544 679 2020
a 544 637 2782
a 545 617 2511
a 545 701 2340
a 545 687 2802
a 546 689 791
a 546 612 270
a 546 615 2732
a 547 660 726
a 547 615 2542
a 547 689 2302
a 548 699 2401
a 548 673 226
a 548 661 2769
a 549 663 537
a 549 604 575
a 549 605 1238
a 550 605 314
a 550 627 665
a 550 676 76
a 551 603 1944
a 551 677 1997
a 551 690 1920
a 552 610 2750
a 552 663 815
a 552 660 1569
a 553 674 1898
a 553 627 894
a 553 696 1944
a 554 654 1027
a 554 651 939
a 554 645 157
a 555 653 369
a 555 614 1640
a 555 647 1849
a 556 697 1444
a 556 629 99
a 556 664 316
a 557 606 419
a 557 659 26
a 557 612 172
a 558 697 2790
a 558 673 1615
a 558 622 1946
a 559 692 429
a 559 660 467
a 559 696 1647
a 560 694 632
a 560 613 361
a 560 626 2729
a 561 660 1909
a 561 676 542
a 561 698 2544
a 562 619 744
a 562 605 675
a 562 688 943
a 563 668 2382
a 563 697 2893
a 563 614 608
a 564 693 510
a 564 688 2734
a 564 650 239
a 565 623 2734
a 565 611 2838
a 565 620 11
a 566 661 853
a 566 687 181
a 566 695 2452
a 567 657 2031
a 567 620 2461
a 567 614 2430
a 568 679 2870
a 568 674 2133
a 568 626 1292
a 569 657 1041
a 569 682 472
a 569 626 716
a 570 652 1340
a 570 691 1853
a 570 626 598
a 571 627 2158
a 571 647 2298
a 571 684 994
a 572 678 489
a 572 663 791
a 572 647 202
a 573 663 1146
a 573 669 311
a 573 633 2561
a 574 627 1497
a 574 636 2402
a 574 631 385
a 575 640 2191
a 575 679 1576
a 575 627 2928
a 576 637 1685
a 576 611 604
a 576 668 244
a 577 647 1189
a 577 650 2
a 577 603 78
a 578 609 518
a 578 634 1793
a 578 667 2579
a 579 653 1605
a 579 675 1959
a 579 677 2102
a 580 683 1509
a 580 637 663
a 580 651 1288
a 581 620 2074
a 581 630 2173
a 581 679 2866
a 582 623 1524
a 582 627 2355
a 582 651 1596
a 583 609 253
a 583 673 2851
a 583 637 343
a 584 627 1136
a 584 679 379
a 584 661 63
a 585 624 2885
a 585 682 320
a 585 668 1600
a 586 667 1690
a 586 651 1015
a 586 610 1579
a 587 616 2969
a 587 665 1159
a 587 653 2525
a 588 641 442
a 588 647 1988
a 588 701 2860
a 589 621 2450
a 589 648 261
a 589 665 2641
a 590 683 1802
a 590 680 879
a 590 678 351
a 591 652 1317
a 591 688 2917
a 591 637 2753
a 592 681 2391
a 592 621 444
a 592 695 2408
a 593 637 24
a 593 697 2055
a 593 629 319
a 594 623 483
a 594 619 2158
a 594 614 184
a 595 662 991
a 595 687 637
a 595 634 1467
a 596 630 2245
a 596 625 1328
a 596 669 570
a 597 665 960
a 597 622 2880
a 597 687 117
a 598 644 918
a 598 656 2209
a 598 608 277
a 599 692 1973
a 599 679 1235
a 599 690 1572
a 600 687 76
a 600 674 2509
a 600 658 23
a 601 658 2001
a 601 685 2411
a 601 643 1563
a 602 718 476
a 602 732 2762
a 602 801 916
a 603 731 2838
a 603 769 2996
a 603 724 1317
a 604 768 501
a 604 786 308
a 604 787 1076
a 605 774 2233
a 605 717 2590
a 605 702 2838
a 606 717 78
a 606 784 2145
a 606 766 21
a 607 761 2721
a 607 797 1212
a 607 775 1890
a 608 741 2436
a 608 787 654
a 608 766 2994
a 609 773 1479
a 609 792 1666
a 609 784 2449
a 610 748 636
a 610 719 2255
a 610 702 26
a 611 720 715
a 611 721 2892
a 611 759 2926
a 612 764 2574
a 612 766 1154
a 612 756 315
a 613 712 2916
a 613 719 863
a 613 788 2827
a 614 707 2171
a 614 798 1197
a 614 715 785
a 615 742 1195
a 615 799 1523
a 615 716 661
a 616 767 958
a 616 733 1057
a 616 750 219
a 617 775 1728
a 617 713 2078
a 617 786 2647
a 618 798 812
a 618 717 2642
a 618 773 1834
a 619 709 405
a 619 708 391
a 619 750 2254
a 620 755 776
a 620 759 1370
a 620 778 717
a 621 708 316
a 621 771 588
a 621 764 329
a 622 780 1508
a 622 726 1871
a 622 739 2563
a 623 724 1317
a 623 796 628
a 623 791 1239
a 624 724 1666
a 624 730 1982
a 624 751 1609
a 625 776 744
a 625 711 1826
a 625 714 1266
a 626 715 2053
a 626 742 2121
a 626 794 1652
a 627 778 500
a 627 759 320
a 627 768 1397
a 628 795 273
a 628 763 552
a 628 757 1578
a 629 770 186
a 629 702 1983
a 629 747 1209
a 630 761 655
a 630 745 2622
a 630 775 1839
a 631 769 821
a 631 763 182
a 631 785 235
a 632 750 2948
a 632 792 1962
a 632 754 1301
a 633 794 2866
a 633 776 1826
a 633 757 485
a 634 767 2200
a 634 727 2987
a 634 732 2251
a 635 745 2617
a 635 761 2750
a 635 737 2347
a 636 779 1211
a 636 786 1919
a 636 702 2121
a 637 702 1814
a 637 724 123
a 637 794 2741
a 638 734 2498
a 638 731 1914
a 638 790 2515
a 639 717 1915
a 639 793 678
a 639 746 2495
a 640 711 1526
a 640 790 1690
a 640 783 1628
a 641 756 765
a 641 776 2293
a 641 781 1100
a 642 718 2431
a 642 769 1590
a 642 793 1485
a 643 720 1784
a 643 721 134
a 643 726 1157
a 644 776 504
a 644 731 224
a 644 756 370
a 645 793 782
a 645 758 1836
a 645 737 1898
a 646 757 800
a 646 716 2267
a 646 776 330
a 647 768 1209
a 647 759 2494
a 647 747 2063
a 648 781 2665
a 648 719 2175
a 648 794 1363
a 649 795 969
a 649 782 902
a 649 747 2621
a 650 726 2660
a 650 738 2786
a 650 725 2568
a 651 727 92
a 651 762 1242
a 651 750 1856
a 652 751 595
a 652 788 1749
a 652 756 2274
a 653 714 1139
a 653 794 1955
a 653 783 2661
a 654 720 2220
a 654 702 2073
a 654 726 2718
a 655 709 246
a 655 797 2115
a 655 739 1862
a 656 707 2047
a 656 764 1670
a 656 774 2698
a 657 734 834
a 657 726 950
a 657 791 891
a 658 727 733
a 658 732 1443
a 658 786 97
a 659 734 2257
a 659 768 836
a 659 736 2905
a 660 753 919
a 660 774 734
a 660 777 2584
a 661 782 2403
a 661 759 2655
a 661 730 986
a 662 780 2028
a 662 745 334
a 662 733 2116
a 663 759 1900
a 663 772 2267
a 663 702 1727
a 664 719 853
a 664 755 1110
a 664 712 2643
a 665 726 810
a 665 787 521
a 665 800 702
a 666 768 773
a 666 702 1686
a 666 721 2353
a 667 718 902
a 667 770 1536
a 667 756 2833
a 668 773 2691
a 668 738 915
a 668 713 21
a 669 797 2005
a 669 726 719
a 669 773 2289
a 670 791 110
a 670 770 670
a 670 794 569
a 671 763 2847
a 671 743 2346
a 671 779 2496
a 672 768 803
a 672 753 1284
a 672 769 836
a 673 740 905
a 673 748 867
a 673 739 1809
a 674 730 2347
a 674 739 2426
a 674 752 2746
a 675 716 336
a 675 719 486
a 675 752 1692
a 676 730 2674
a 676 716 2062
a 676 755 315
a 677 726 2760
a 677 730 517
a 677 763 2428
a 678 707 1824
a 678 755 1414
a 678 783 572
a 679 762 1738
a 679 766 10
a 679 777 104
a 680 708 2844
a 680 713 804
a 680 703 2468
a 681 759 1471
a 681 758 271
a 681 757 484
a 682 753 1668
a 682 785 564
a 682 711 1986
a 683 722 2686
a 683 798 2069
a 683 747 2703
a 684 751 2960
a 684 745 1000
a 684 728 839
a 685 772 226
a 685 702 269
a 685 778 1935
a 686 783 805
a 686 777 1259
a 686 780 1188
a 687 741 2855
a 687 769 754
a 687 760 810
a 688 753 420
a 688 752 2905
a 688 778 749
a 689 764 1962
a 689 784 2622
a 689 735 384
a 690 716 735
a 690 751 1484
a 690 796 117
a 691 711 2768
a 691 763 1802
a 691 744 876
a 692 789 2993
a 692 761 2621
a 692 781 620
a 693 796 99
a 693 798 197
a 693 775 2177
a 694 712 2872
a 694 783 1503
a 694 797 1717
a 695 739 1072
a 695 705 239
a 695 712 2880
a 696 782 2701
a 696 754 2654
a 696 723 1097
a 697 741 1932
a 697 714 733
a 697 730 1100
a 698 727 2576
a 698 782 729
a 698 726 1102
a 699 758 311
a 699 711 427
a 699 798 1959
a 700 767 2305
a 700 790 420
a 700 784 2520
a 701 758 2810
a 701 742 2090
a 701 745 524
a 702 875 2358
a 702 871 669
a 702 877 2867
a 703 891 618
a 703 846 1046
a 703 851 1627
a 704 880 457
a 704 896 1053
a 704 804 11
a 705 899 1417
a 705 836 2755
a 705 823 2387
a 706 811 1851
a 706 899 1573
a 706 844 2199
a 707 821 2440
a 707 802 2367
a 707 861 633
a 708 885 430
a 708 870 495
a 708 843 231
a 709 825 928
a 709 898 1708
a 709 901 1231
a 710 864 1269
a 710 882 2119
a 710 840 36
a 711 867 890
a 711 863 360
a 711 806 1214
a 712 891 109
a 712 873 1056
a 712 865 1835
a 713 878 2823
a 713 899 1980
a 713 875 1009
a 714 821 579
a 714 833 1762
a 714 839 1313
a 715 812 2781
a 715 901 1188
a 715 894 755
a 716 843 1654
a 716 893 1205
a 716 824 1340
a 717 826 2780
a 717 821 806
a 717 882 323
a 718 830 509
a 718 880 87
a 718 832 2759
a 719 841 153
a 719 878 541
a 719 882 1452
a 720 853 2491
a 720 834 1239
a 720 883 44
a 721 883 1038
a 721 814 1952
a 721 826 766
a 722 858 814
a 722 886 2207
a 722 872 1847
a 723 845 683
a 723 890 2747
a 723 828 507
a 724 860 451
a 724 880 1483
a 724 816 2406
a 725 837 2174
a 725 865 1260
a 725 859 862
a 726 888 2090
a 726 885 2201
a 726 853 186
a 727 875 180
a 727 873 818
a 727 824 1232
a 728 869 266
a 728 897 303
a 728 846 2289
a 729 846 1427
a 729 870 1427
a 729 872 2881
a 730 843 901
a 730 885 2197
a 730 832 1618
a 731 837 1537
a 731 802 86
a 731 893 930
a 732 846 1524
a 732 861 2029
a 732 820 2891
a 733 845 2661
a 733 826 2479
a 733 889 1576
a 734 858 1383
a 734 900 2925
a 734 899 1778
a 735 878 2629
a 735 862 809
a 735 861 1078
a 736 866 853
a 736 810 1146
a 736 822 150
a 737 813 740
a 737 807 48
a 737 821 1864
a 738 817 2746
a 738 888 1614
a 738 889 2783
a 739 846 1521
a 739 812 2640
a 739 844 2400
a 740 834 942
a 740 853 881
a 740 835 2862
a 741 803 500
a 741 802 602
a 741 892 1807
a 742 858 1056
a 742 822 2985
a 742 860 1370
a 743 844 2356
a 743 825 858
a 743 862 2377
a 744 868 2858
a 744 901 51
a 744 823 718
a 745 810 541
a 745 838 1398
a 745 892 2723
a 746 894 1594
a 746 841 398
a 746 817 370
a 747 816 2699
a 747 857 1777
a 747 870 1525
a 748 875 1631
a 748 839 966
a 748 881 674
a 749 883 2333
a 749 840 1157
a 749 831 248
a 750 822 2970
a 750 900 821
a 750 806 2766
a 751 863 1959
a 751 838 2206
a 751 807 1299
a 752 868 1143
a 752 827 2302
a 752 845 2958
a 753 833 1049
a 753 834 2907
a 753 809 781
a 754 889 2996
a 754 837 183
a 754 812 1693
a 755 895 2266
a 755 840 404
a 755 878 2597
a 756 855 1011
a 756 863 2712
a 756 867 1127
a 757 837 737
a 757 856 265
a 757 839 2804
a 758 871 2876
a 758 873 1405
a 758 847 1030
a 759 864 345
a 759 868 2859
a 759 879 565
a 760 884 1739
a 760 888 1535
a 760 813 2005
a 761 853 2863
a 761 854 2931
a 761 872 2724
a 762 870 433
a 762 869 171
a 762 836 2522
a 763 858 2461
a 763 870 2498
a 763 812 580
a 764 870 1665
a 764 828 838
a 764 808 2492
a 765 848 1737
a 765 877 1311
a 765 856 2760
a 766 889 1750
a 766 864 2693
a 766 883 1457
a 767 872 2703
a 767 862 583
a 767 844 2065
a 768 812 571
a 768 852 1900
a 768 876 606
a 769 851 2739
a 769 828 670
a 769 865 2732
a 770 867 1176
a 770 825 1183
a 770 897 1394
a 771 891 1335
a 771 817 1373
a 771 884 2370
a 772 896 2329
a 772 868 683
a 772 873 742
a 773 881 631
a 773 858 1314
a 773 897 1907
a 774 858 2126
a 774 878 160
a 774 830 1378
a 775 851 2084
a 775 808 301
a 775 869 1334
a 776 901 724
a 776 836 504
a 776 862 1151
a 777 891 2673
a 777 876 2716
a 777 886 1231
a 778 882 2047
a 778 813 2770
a 778 812 2642
a 779 876 2635
a 779 899 1328
a 779 874 1729
a 780 842 2193
a 780 896 1480
a 780 808 2108
a 781 828 1183
a 781 894 195
a 781 892 542
a 782 858 225
a 782 832 1613
a 782 818 607
a 783 889 857
a 783 824 2165
a 783 832 1363
a 784 855 1781
a 784 890 1869
a 784 862 236
a 785 829 759
a 785 876 2182
a 785 823 2114
a 786 852 2645
a 786 826 1266
a 786 808 1985
a 787 828 1639
a 787 884 841
a 787 868 676
a 788 863 678
a 788 824 537
a 788 853 2339
a 789 867 2334
a 789 899 1885
a 789 848 1000
a 790 862 1942
a 790 807 1219
a 790 834 2060
a 791 867 1284
a 791 878 1862
a 791 819 2621
a 792 867 2358
a 792 881 407
a 792 818 2644
a 793 881 1716
a 793 859 1348
a 793 883 2795
a 794 866 2249
a 794 895 246
a 794 873 1289
a 795 855 2573
a 795 879 2789
a 795 876 735
a 796 850 1662
a 796 859 2578
a 796 829 46
a 797 895 2152
a 797 896 2190
a 797 830 2846
a 798 863 2509
a 798 824 618
a 798 856 1086
a 799 856 2000
a 799 842 2730
a 799 802 518
a 800 830 2517
a 800 857 1790
a 800 867 1472
a 801 875 2404
a 801 870 2214
a 801 897 1196
a 802 951 1139
a 802 995 1091
a 802 911 1603
a 803 962 2578
a 803 946 1730
a 803 907 2267
a 804 972 1100
a 804 984 2400
a 804 929 882
a 805 908 1296
a 805 918 988
a 805 934 2961
a 806 917 30
a 806 936 931
a 806 978 2302
a 807 924 2366
a 807 941 94
a 807 906 654
a 808 911 2092
a 808 1000 466
a 808 993 1105
a 809 975 725
a 809 994 826
a 809 935 2404
a 810 994 1933
a 810 959 1018
a 810 956 361
a 811 968 2597
a 811 947 147
a 811 909 2824
a 812 937 1181
a 812 953 2857
a 812 954 1127
a 813 981 197
a 813 950 105
a 813 945 854
a 814 990 966
a 814 939 542
a 814 946 1270
a 815 924 40
a 815 997 1757
a 815 947 2938
a 816 938 1383
a 816 917 939
a 816 971 537
a 817 987 443
a 817 944 2270
a 817 934 1221
a 818 944 2547
a 818 914 1318
a 818 902 2132
a 819 937 1577
a 819 915 235
a 819 929 2468
a 820 926 2433
a 820 981 2518
a 820 934 2455
a 821 949 1487
a 821 988 1923
a 821 947 1082
a 822 930 2250
a 822 909 980
a 822 918 402
a 823 916 1384
a 823 981 2864
a 823 997 990
a 824 999 232
a 824 992 1659
a 824 989 1924
a 825 913 2681
a 825 992 1546
a 825 1001 1176
a 826 968 2990
a 826 944 2825
a 826 909 1508
a 827 950 728
a 827 994 746
a 827 995 2974
a 828 960 1322
a 828 943 2931
a 828 977 2642
a 829 914 2171
a 829 920 94
a 829 978 1374
a 830 914 510
a 830 946 2121
a 830 959 2121
a 831 920 560
a 831 929 2429
a 831 954 1587
a 832 909 1035
a 832 922 166
a 832 933 1906
a 833 995 1167
a 833 960 2742
a 833 934 1826
a 834 980 1201
a 834 913 1005
a 834 903 1928
a 835 967 675
a 835 950 1069
a 835 938 709
a 836 980 2707
a 836 950 2735
a 836 962 79
a 837 980 2645
a 837 968 924
a 837 940 1298
a 838 956 2196
a 838 909 1933
a 838 986 2530
a 839 908 1111
a 839 987 1413
a 839 997 2727
a 840 961 1480
a 840 950 357
a 840 928 1092
a 841 929 2715
a 841 970 648
a 841 920 2397
a 842 982 2656
a 842 939 2935
a 842 957 1934
a 843 964 2047
a 843 972 2500
a 843 931 1385
a 844 940 2501
a 844 997 297
a 844 933 2922
a 845 913 1392
a 845 946 654
a 845 1001 2644
a 846 972 1437
a 846 923 2221
a 846 915 1510
a 847 918 2824
a 847 911 1497
a 847 966 251
a 848 987 1984
a 848 968 967
a 848 981 916
a 849 917 812
a 849 915 1435
a 849 949 2886
a 850 909 2113
a 850 987 2981
a 850 939 2650
a 851 988 259
a 851 995 604
a 851 994 115
a 852 970 2965
a 852 921 2170
a 852 953 1720
a 853 932 2749
a 853 951 2617
a 853 945 1481
a 854 963 48
a 854 965 1701
a 854 966 1332
a 855 935 14
a 855 940 1440
a 855 996 602
a 856 909 63
a 856 933 2946
a 856 968 753
a 857 983 1504
a 857 998 217
a 857 912 2479
a 858 906 2821
a 858 913 592
a 858 996 1226
a 859 986 337
a 859 909 2739
a 859 975 2588
a 860 976 566
a 860 986 187
a 860 936 2668
a 861 998 695
a 861 906 1357
a 861 935 2493
a 862 944 111
a 862 920 2550
a 862 956 1888
a 863 923 166
a 863 945 921
a 863 944 947
a 864 974 1664
a 864 948 1834
a 864 921 2404
a 865 949 1786
a 865 969 1488
a 865 993 1867
a 866 991 1098
a 866 922 1013
a 866 985 181
a 867 918 718
a 867 920 2806
a 867 928 769
a 868 914 1334
a 868 950 1847
a 868 933 805
a 869 933 2765
a 869 967 2721
a 869 971 2895
a 870 985 71
a 870 914 2031
a 870 959 157
a 871 933 2782
a 871 915 307
a 871 944 2346
a 872 999 1667
a 872 926 1383
a 872 973 1693
a 873 980 764
a 873 984 1129
a 873 977 1080
a 874 945 853
a 874 996 1811
a 874 951 1167
a 875 910 2951
a 875 996 817
a 875 980 361
a 876 936 1416
a 876 961 66
a 876 976 1520
a 877 966 1383
a 877 944 25
a 877 945 1488
a 878 962 1225
a 878 908 787
a 878 964 2842
a 879 972 2082
a 879 934 400
a 879 944 1186
a 880 977 644
a 880 931 2091
a 880 991 399
a 881 956 821
a 881 918 136
a 881 950 2335
a 882 916 2839
a 882 932 1770
a 882 903 818
a 883 998 283
a 883 933 726
a 883 1001 2661
a 884 908 940
a 884 969 267
a 884 938 1506
a 885 968 1411
a 885 949 1438
a 885 996 1645
a 886 966 337
a 886 955 542
a 886 947 1680
a 887 952 341
a 887 925 2594
a 887 935 951
a 888 938 472
a 888 978 1202
a 888 904 515
a 889 940 957
a 889 923 379
a 889 952 609
a 890 905 1742
a 890 926 270
a 890 950 2315
a 891 948 2688
a 891 916 1646
a 891 926 242
a 892 913 457
a 892 932 82
a 892 979 1081
a 893 934 2135
a 893 985 1450
a 893 922 1610
a 894 909 1738
a 894 1001 1160
a 894 934 2771
a 895 963 983
a 895 909 2375
a 895 980 1382
a 896 950 2947
a 896 952 692
a 896 976 2622
a 897 978 2510
a 897 923 2702
a 897 962 524
a 898 946 1894
a 898 975 83
a 898 981 1913
a 899 994 605
a 899 916 2637
a 899 1000 2406
a 900 913 38
a 900 916 2449
a 900 996 1856
a 901 990 1180
a 901 924 2544
a 901 992 1139
a 902 1002 9000
a 903 1002 9000
a 904 1002 9000
a 905 1002 9000
a 906 1002 9000
a 907 1002 9000
a 908 1002 9000
a 909 1002 9000
a 910 1002 9000
a 911 1002 9000
a 912 1002 9000
a 913 1002 9000
a 914 1002 9000
a 915 1002 9000
a 916 1002 9000
a 917 1002 9000
a 918 1002 9000
a 919 1002 9000
a 920 1002 9000
a 921 1002 9000
a 922 1002 9000
a 923 1002 9000
a 924 1002 9000
a 925 1002 9000
a 926 1002 9000
a 927 1002 9000
a 928 1002 9000
a 929 1002 9000
a 930 1002 9000
a 931 1002 9000
a 932 1002 9000
a 933 1002 9000
a 934 1002 9000
a 935 1002 9000
a 936 1002 9000
a 937 1002 9000
a 938 1002 9000
a 939 1002 9000
a 940 1002 9000
a 941 1002 9000
a 942 1002 9000
a 943 1002 9000
a 944 1002 9000
a 945 1002 9000
a 946 1002 9000
a 947 1002 9000
a 948 1002 9000
a 949 1002 9000
a 950 1002 9000
a 951 1002 9000
a 952 1002 9000
a 953 1002 9000
a 954 1002 9000
a 955 1002 9000
a 956 1002 9000
a 957 1002 9000
a 958 1002 9000
a 959 1002 9000
a 960 1002 9000
a 961 1002 9000
a 962 1002 9000
a 963 1002 9000
a 964 1002 9000
a 965 1002 9000
a 966 1002 9000
a 967 1002 9000
a 968 1002 9000
a 969 1002 9000
a 970 1002 9000
a 971 1002 9000
a 972 1002 9000
a 973 1002 9000
a 974 1002 9000
a 975 1002 9000
a 976 1002 9000
a 977 1002 9000
a 978 1002 9000
a 979 1002 9000
a 980 1002 9000
a 981 1002 9000
a 982 1002 9000
a 983 1002 9000
a 984 1002 9000
a 985 1002 9000
a 986 1002 9000
a 987 1002 9000
a 988 1002 9000
a 989 1002 9000
a 990 1002 9000
a 991 1002 9000
a 992 1002 9000
a 993 1002 9000
a 994 1002 9000
a 995 1002 9000
a 996 1002 9000
a 997 1002 9000
a 998 1002 9000
a 999 1002 9000
a 1000 1002 9000
a 1001 1002 9000
