Czas wykonania: 
3.440700e-02
Maksymalny przeplyw: 
19
Przeplywy krawedzi: 
0	19	0	0	0	0	0	0	0	0	0	
-19	0	0	0	6	10	3	0	0	0	0	
0	0	0	0	0	0	0	0	0	0	0	
0	0	0	0	0	0	0	0	0	0	0	
0	-6	0	0	0	0	0	6	0	0	0	
0	-10	0	0	0	0	0	7	3	0	0	
0	-3	0	0	0	0	0	1	2	0	0	
0	0	0	0	-6	-7	-1	0	0	0	0	
0	0	0	0	0	-3	-2	0	0	0	0	
0	0	0	0	0	0	0	0	0	0	0	
0	0	0	0	0	0	0	0	0	0	0	
Czas wykonania: 
2.617200e-02
Maksymalny przeplyw: 
19
Przeplywy krawedzi: 
0	19	0	0	0	0	0	0	0	0	0	
-19	0	0	0	6	10	3	0	0	0	0	
0	0	0	0	0	0	0	0	0	0	0	
0	0	0	0	0	0	0	0	0	0	0	
0	-6	0	0	0	0	0	6	0	0	0	
0	-10	0	0	0	0	0	7	3	0	0	
0	-3	0	0	0	0	0	1	2	0	0	
0	0	0	0	-6	-7	-1	0	0	0	0	
0	0	0	0	0	-3	-2	0	0	0	0	
0	0	0	0	0	0	0	0	0	0	0	
0	0	0	0	0	0	0	0	0	0	0	
Czas wykonania: 
2.704500e-02
Maksymalny przeplyw: 
19
Przeplywy krawedzi: 
0	19	0	0	0	0	0	0	0	0	0	
-19	0	0	0	6	10	3	0	0	0	0	
0	0	0	0	0	0	0	0	0	0	0	
0	0	0	0	0	0	0	0	0	0	0	
0	-6	0	0	0	0	0	6	0	0	0	
0	-10	0	0	0	0	0	7	3	0	0	
0	-3	0	0	0	0	0	1	2	0	0	
0	0	0	0	-6	-7	-1	0	0	0	0	
0	0	0	0	0	-3	-2	0	0	0	0	
0	0	0	0	0	0	0	0	0	0	0	
0	0	0	0	0	0	0	0	0	0	0	
Czas wykonania: 
3.137300e-02
Maksymalny przeplyw: 
40
Przeplywy krawedzi: 
0	19	9	12	0	0	0	0	0	0	0	
-19	0	0	0	6	10	3	0	0	0	0	
-9	0	0	0	2	1	6	0	0	0	0	
-12	0	0	0	5	2	5	0	0	0	0	
0	-6	-2	-5	0	0	0	9	2	2	0	
0	-10	-1	-2	0	0	0	7	4	2	0	
0	-3	-6	-5	0	0	0	1	7	6	0	
0	0	0	0	-9	-7	-1	0	0	0	17	
0	0	0	0	-2	-4	-7	0	0	0	13	
0	0	0	0	-2	-2	-6	0	0	0	10	
0	0	0	0	0	0	0	-17	-13	-10	0	
Czas wykonania: 
3.203000e-03
Maksymalny przeplyw: 
40
Przeplywy krawedzi: 
0	19	9	12	0	0	0	0	0	0	0	
-19	0	0	0	6	10	3	0	0	0	0	
-9	0	0	0	2	1	6	0	0	0	0	
-12	0	0	0	5	2	5	0	0	0	0	
0	-6	-2	-5	0	0	0	9	2	2	0	
0	-10	-1	-2	0	0	0	7	4	2	0	
0	-3	-6	-5	0	0	0	1	7	6	0	
0	0	0	0	-9	-7	-1	0	0	0	17	
0	0	0	0	-2	-4	-7	0	0	0	13	
0	0	0	0	-2	-2	-6	0	0	0	10	
0	0	0	0	0	0	0	-17	-13	-10	0	
Czas wykonania: 
9.981000e-03
Maksymalny przeplyw: 
40
Przeplywy krawedzi: 
0	19	9	12	0	0	0	0	0	0	0	
-19	0	0	0	6	10	3	0	0	0	0	
-9	0	0	0	2	1	6	0	0	0	0	
-12	0	0	0	5	2	5	0	0	0	0	
0	-6	-2	-5	0	0	0	9	2	2	0	
0	-10	-1	-2	0	0	0	7	4	2	0	
0	-3	-6	-5	0	0	0	1	7	6	0	
0	0	0	0	-9	-7	-1	0	0	0	0	
0	0	0	0	-2	-4	-7	0	0	0	0	
0	0	0	0	-2	-2	-6	0	0	0	0	
0	0	0	0	0	0	0	0	0	0	0	
